1987,12,23,3,1315,1315,1540,1513,CO,755,NA,145,118,NA,27,0,EWR,IND,644,NA,NA,0,NA,0,NA,NA,NA,NA,NA|
1987,12,30,3,1400,1315,1622,1513,CO,755,NA,142,118,NA,69,45,EWR,IND,644,NA,NA,0,NA,0,NA,NA,NA,NA,NA|1987,12,23,3,1315,1315,1540,1513,CO,755,NA,145,118,NA,27,0,EWR,IND,644,NA,NA,0,NA,0,NA,NA,NA,NA,NA
1987,12,13,7,815,815,1100,1055,DL,494,NA,165,160,NA,5,0,LGA,PBI,1035,NA,NA,0,NA,0,NA,NA,NA,NA,NA|
1987,12,20,7,838,815,1129,1056,DL,494,NA,171,161,NA,33,23,LGA,PBI,1035,NA,NA,0,NA,0,NA,NA,NA,NA,NA|1987,12,13,7,815,815,1100,1055,DL,494,NA,165,160,NA,5,0,LGA,PBI,1035,NA,NA,0,NA,0,NA,NA,NA,NA,NA
1987,12,23,3,1614,1315,1907,1612,CO,757,NA,173,177,NA,175,179,EWR,PBI,1024,NA,NA,0,NA,0,NA,NA,NA,NA,NA|1987,12,20,7,838,815,1129,1056,DL,494,NA,171,161,NA,33,23,LGA,PBI,1035,NA,NA,0,NA,0,NA,NA,NA,NA,NA
1987,12,30,3,1438,1315,1715,1612,CO,757,NA,157,177,NA,63,83,EWR,PBI,1024,NA,NA,0,NA,0,NA,NA,NA,NA,NA|1987,12,23,3,1614,1315,1907,1612,CO,757,NA,173,177,NA,175,179,EWR,PBI,1024,NA,NA,0,NA,0,NA,NA,NA,NA,NA
1987,12,9,3,1325,1325,1456,1450,CO,756,NA,91,85,NA,6,0,EWR,PIT,319,NA,NA,0,NA,0,NA,NA,NA,NA,NA|
1987,12,16,3,1320,1320,1450,1442,CO,756,NA,90,82,NA,8,0,EWR,PIT,319,NA,NA,0,NA,0,NA,NA,NA,NA,NA|1987,12,9,3,1325,1325,1456,1450,CO,756,NA,91,85,NA,6,0,EWR,PIT,319,NA,NA,0,NA,0,NA,NA,NA,NA,NA
1987,12,23,3,1320,1320,1445,1442,CO,756,NA,85,82,NA,3,0,EWR,PIT,319,NA,NA,0,NA,0,NA,NA,NA,NA,NA|1987,12,16,3,1320,1320,1450,1442,CO,756,NA,90,82,NA,8,0,EWR,PIT,319,NA,NA,0,NA,0,NA,NA,NA,NA,NA
1987,12,30,3,1520,1320,1640,1442,CO,756,NA,80,82,NA,118,120,EWR,PIT,319,NA,NA,0,NA,0,NA,NA,NA,NA,NA|1987,12,23,3,1320,1320,1445,1442,CO,756,NA,85,82,NA,3,0,EWR,PIT,319,NA,NA,0,NA,0,NA,NA,NA,NA,NA
